3401
4252
4355
9127
7027
3209
6626
7281
9492
6688
1228
8275
2540
6481
9862
6072
5999
5706
1898
2940
5186
2238
5567
6577
4259
8326
9226
7231
9935
343
2538
4355
5505
4714
4141
8661
5385
4208
346
5945
8801
3513
3726
8313
4884
9039
7446
314
2013
3198
4003
8132
9124
2179
1513
9579
319
722
4684
7491
4151
5337
4789
1440
1914
800
1017
2512
5368
8779
3455
258
6372
6570
5385
7025
2959
3592
5616
4875
1391
7364
2939
2950
4980
777
3522
5239
518
1971
8847
5880
5615
3709
7968
995
9170
8436
4379
4387
4448
8575
7657
1860
272
492
5216
4851
4790
8023
6092
4943
569
9228
6158
6101
7121
1295
636
9822
1910
1743
3770
2899
2794
7701
7387
8069
100
1053
9648
2630
4298
179
9259
3859
6876
8146
7102
121
4373
6969
3875
1485
3149
8736
1715
6505
1150
1694
6185
6444
7760
4647
2234
3178
7002
7312
5541
7980
4203
6312
5126
7409
6211
4783
5462
3563
6948
804
4261
7816
9689
7589
1057
982
5688
8641
5676
4738
4815
9244
5191
2647
2299
5459
7936
8716
7359
5073
8977
1847
3459
7872
9242
4101
7669
9907
7986
8056
7050
4870
5589
4243
8085
3126
1019
7319
7554
1595
6321
458
3346
3139
8694
8372
2088
340
435
6838
9555
5338
337
1353
948
1412
4432
8373
7685
2938
9997
7359
5410
2379
9284
3855
6324
8961
338
8429
4135
443
9075
7867
4812
5999
4240
856
4074
1124
8591
9601
4571
5690
307
4373
1456
4808
8888
8567
2176
9755
3615
3639
4745
4912
5796
8318
1883
4873
4864
2229
2126
4874
9586
6392
4172
3711
9774
1126
3335
556
2214
6026
7238
3765
5399
7475
9066
9493
871
1751
7068
9826
4629
8431
3192
7891
6522
6711
2442
943
4052
8279
3243
8098
7291
6872
6151
1929
5139
4451
5709
9880
9577
2891
2315
928
3686
5152
5241
2828
1506
8850
7017
7239
9919
3299
1331
1026
9167
8019
4404
6211
7326
1006
9253
2967
6624
4487
5738
6728
3950
3909
3817
9470
412
6116
2799
396
2490
8000
4483
3858
9911
891
5392
5936
565
2040
9713
2041
7602
3257
7934
4800
9187
6565
6483
9374
6698
9792
7804
308
5392
256
5331
3492
2779
1164
2382
9759
953
6083
2230
1389
5192
6224
7763
6483
5149
1183
7614
3785
2937
6964
9125
7109
2250
5274
8849
6084
651
2089
1340
4531
1193
2933
2951
9972
8459
7410
428
6510
6661
2411
1528
3269
3191
2420
4566
7346
6454
8954
7690
6398
381
5925
597
711
9444
2937
7548
3704
3
1356
1853
9842
12
108
8144
7509
1192
49
5040
2068
4495
8256
2894
904
1057
3428
6991
1417
3265
2687
8927
6189
2464
8401
8413
7991
619
318
7075
4387
1759
1652
810
6506
6931
559
8015
91
1488
4398
9519
7042
2722
6634
3087
8971
8473
6312
2504
2948
2842
4097
9507
3432
4095
5829
9029
6694
3125
601
8466
686
3487
5316
3391
5905
4864
7577
1482
697
3872
1813
2487
5084
3465
5255
3945
6169
4759
5942
5441
2151
5822
3778
6223
8937
1924
4583
8250
5075
116
6033
4748
8850
6491
2193
3080
5554
6490
3919
3419
1044
4050
8010
8256
6206
1572
9631
5448
694
11
7726
3714
4325
1239
4007
5974
4664
6039
134
1307
3849
1009
9728
1006
1312
5174
3034
3094
164
8567
8336
9769
8827
9024
6187
5411
1220
7178
4853
3333
9017
9902
3611
8332
3857
3622
8941
7571
1015
8185
2009
2911
168
1534
5866
8450
1112
9104
9171
5777
2035
6171
8735
9980
4948
8563
7627
950
2794
8082
926
5938
4186
4564
8860
863
7265
1495
5252
1975
7882
9829
4194
6378
6319
7494
6378
9787
4939
5144
1171
4297
519
6730
1178
7074
6602
4015
7437
7765
7574
9685
557
1149
5867
5971
8502
5917
2143
2099
7065
4033
7143
4436
1233
718
961
2340
8999
2620
8260
6678
87
5855
6637
7898
5712
6888
1741
5106
5744
2092
1
186
1610
5103
9127
1095
7589
7390
9126
4132
5370
1569
2900
9156
8869
17
8625
9469
477
6987
6949
408
8755
5601
4397
658
8944
1030
8510
5887
9620
6038
9503
9701
7930
4127
8496
4089
9139
3722
9314
3740
7969
2931
7557
2504
425
4500
8606
1393
9379
8617
3047
4981
223
4495
3692
7948
311
301
2730
1689
9235
5723
2709
815
8529
4919
504
7135
9623
4608
4673
1909
1988
3610
6587
7313
8156
9510
2151
3210
9669
9862
9774
7354
1436
5870
1124
9244
6909
3476
2913
2438
2852
7857
235
5676
4761
9453
4906
2656
1459
692
171
2271
7605
6527
7655
2513
6560
5819
640
10
4721
3692
2487
1181
8810
3253
5967
9053
2966
1911
7904
3590
5211
9912
9600
8205
9292
7180
1058
137
3235
6611
3348
9644
2088
808
3665
2033
7176
995
4183
4141
8740
8673
4172
4745
7932
5080
8134
4899
9853
4521
1758
6746
6161
5400
9801
7074
5500
3312
6265
556
8721
2737
817
6850
9898
9305
9405
2470
8147
2504
9271
1514
1855
4365
2088
1881
2665
9007
2008
9889
6350
2413
9489
9871
6229
5658
5085
3551
3075
3574
6243
6237
5967
46
4840
5743
2224
6377
2733
4944
5755
965
2043
2043
9506
5201
8808
3250
4808
4213
543
5507
64
6652
6387
7341
4326
7693
184
9026
7991
8699
654
2357
5497
785
9939
3691
311
9902
9502
6355
6129
844
8219
8032
3387
9491
2484
1610
8984
910
3906
2088
1881
3753
1721
749
4348
1212
4228
925
6070
8544
4991
7224
1575
6043
1335
2344
3634
8231
5233
3591
9451
9921
8746
458
7936
5269
3433
7567
7074
3862
2481
7365
4064
5641
3411
9224
2023
5337
4117
6568
9960
7753
9538
7923
8349
453
437
9754
5228
572
6304
4487
6543
1367
3289
5204
6715
5095
1276
6734
9676
7259
7656
2013
5621
1009
1048
1426
1186
5090
4837
7849
3528
1312
9377
7453
8366
7607
1270
4717
2525
5215
3340
6914
4870
7633
2236
9995
9884
3203
3224
3202
6076
7148
1039
8358
4590
5401
9481
1564
2698
5609
3623
9646
7768
86
1974
8642
5521
1892
225
6320
5924
3193
5226
3759
4676
7321
7236
4270
1287
8676
1099
1172
8523
4383
7188
9213
2602
3600
8071
5027
4266
2673
1647
9715
9290
4880
7764
4202
1074
4215
8791
1057
1930
4857
927
9575
1261
1348
7162
4735
874
9949
8868
29
3173
9956
9115
9404
2345
8937
8729
8439
8477
6641
6255
3014
3590
2025
1899
8456
7656
7538
3167
3004
4019
6736
2832
412
2129
2347
424
8677
5929
618
201
412
3617
5470
5606
4013
8326
651
6286
9565
9685
3266
2751
7574
8006
9062
2010
6856
1727
133
8802
708
3631
2324
5830
8188
1135
5594
4633
2187
7927
6697
7306
4024
5822
6337
5301
8949
1601
5620
3752
2279
291
3463
2102
6254
4305
1072
1734
4532
156
1300
3128
378
9508
1870
6110
953
7671
9962
8992
8599
3362
7153
6716
4398
348
1019
9365
6939
1373
9176
5236
5790
8342
6894
8324
8176
6338
1626
9637
132
4669
837
7444
3482
2520
2491
6422
9408
9974
2793
4208
2384
3252
6453
935
2533
1539
528
8189
1111
5122
7050
5993
307
1683
9892
7774
9810
8938
7246
2802
2728
5447
6837
8132
4433
1965
792
6051
6779
5699
5939
7155
9141
5124
9743
9145
9489
7140
90
5898
7818
8193
8657
2229
2682
5715
2401
2878
387
7755
2348
7562
5103
860
9614
2171
6624
7596
5571
5061
3843
7753
431
940
5715
7238
4102
3334
7129
7757
9240
4556
3342
3500
1578
7467
767
3505
2559
3085
6622
4006
4555
931
5052
3088
8420
2196
9963
458
7859
9354
5723
1329
8270
6686
6456
5888
5235
6661
2818
1086
8641
2583
2629
8290
3232
9053
2313
8745
3580
8147
7758
7433
3468
75
1558
1369
8818
5460
8317
5737
2334
9580
6357
2097
4499
1882
513
2266
8638
6217
8229
6442
6401
736
639
3440
8862
2197
3100
4549
9045
1014
2604
7566
9743
5687
4636
6951
9150
6859
6903
5338
1512
7645
3015
793
7487
7910
9990
134
5576
4510
2955
2807
3147
5316
8599
8786
8488
7304
4151
338
1357
6665
9664
9207
1366
2723
5523
3233
8619
3391
2996
662
3003
1078
109
5910
437
7020
4964
4560
3265
8797
4179
8225
7273
7768
5781
1178
1835
7315
1846
3462
2515
7154
9322
2059
3449
599
2924
9738
6244
9019
3273
4564
683
4739
2732
1289
9054
3349
7721
9949
9734
5272
9920
3157
2178
4066
4648
7326
8026
7490
4899
6357
3769
1401
9621
9404
6973
7071
1447
1427
4944
2254
4414
8294
8521
351
6239
2894
8089
2034
105
1592
3320
4254
1550
1389
4244
7103
3154
4406
6937
3263
2972
1094
6551
5883
8659
3780
6003
107
7753
3934
3641
4440
4402
2813
477
4396
1382
9996
543
7338
3316
602
9385
4113
9889
7584
4649
4279
4586
3954
3125
2626
8452
8724
4220
6565
5044
1475
9993
173
9081
9510
6492
4386
4390
2177
1512
346
5576
1783
259
5293
9469
8130
6481
1625
9365
3310
2790
5793
1218
1334
4821
5687
7
6144
4261
1164
2229
7422
3503
4210
4830
151
7728
2990
5593
5033
8509
966
9003
4543
9890
7815
3674
331
4429
748
1422
9129
7248
148
1985
6571
29
83
7814
6072
2247
4594
5771
9943
9296
485
4092
8481
7180
7267
8417
2329
765
7927
1828
8451
2209
5743
6779
8308
1255
925
8182
7755
4675
5037
7868
8621
6440
3279
6090
4839
3310
2008
8917
6320
4035
7046
9115
8731
8875
1603
2389
9354
7580
1753
5410
4001
8144
4048
9235
5861
6323
5123
9365
3023
6564
1815
9197
1117
2250
4934
1463
9793
5896
6619
834
3124
1064
9381
2684
4471
6938
9319
9509
4736
6131
7127
9077
3093
6271
6795
6179
4439
8574
7357
6723
6537
4040
6462
1819
6668
2809
1650
6855
4828
1311
5319
3997
3306
556
9698
3297
4353
3795
2658
420
4617
6105
8270
7585
6474
8734
7715
3793
9848
1491
7667
9152
4971
5173
1264
5157
5988
2366
8502
8532
1875
3573
4398
7738
5098
3135
336
2686
970
8283
7789
3016
6519
2911
5564
7516
9578
796
9970
511
2618
6771
5356
1888
6909
5659
7331
8695
4918
9701
5503
3419
8890
9386
2245
6195
3806
2843
3332
9042
867
7946
307
1347
5621
3214
4442
3520
9317
3753
1149
780
6840
7074
2599
5197
5333
9895
9030
6708
3039
9394
6970
2894
3463
2589
1101
5855
2594
8652
4939
1598
774
522
4720
311
6409
5418
7079
6288
8568
4483
2313
4938
9657
9588
4347
9290
3743
9064
4956
5739
6773
4535
156
7850
8763
5107
3932
7298
301
4459
137
4392
7323
4843
8145
2791
8737
593
1082
9155
5349
3002
927
8135
6427
2021
282
8753
5481
9468
4504
3359
5682
657
9672
1890
813
7394
127
6948
1627
2087
5851
6246
3850
8975
308
8130
3262
401
889
1016
1629
6108
2198
1213
8199
6582
5858
634
5396
6158
2662
3492
4470
1622
5823
7217
875
8445
8603
1703
8608
4706
3497
3650
4906
5630
5014
2489
7419
3301
7779
7520
8282
9583
5073
3653
9391
3580
6897
6324
8162
6273
3917
9662
1058
5682
3755
4264
3137
7307
4166
1628
5421
5271
8812
6929
7876
1060
7559
5056
1401
9200
4283
8920
5720
6327
8411
3278
9306
5324
7185
5988
4291
2707
9735
5690
3873
4169
7298
9991
3692
2889
4807
9953
1917
1203
700
4648
7408
6540
9669
8293
4951
4364
539
9904
3640
2429
2729
6031
5610
9255
8475
5712
9016
8676
2387
9937
9288
7649
4234
9071
4794
1846
7941
7178
729
5144
8682
5637
1383
778
4488
4940
1850
4160
3509
5550
17
6828
8155
1435
812
7734
7618
276
4356
3573
1937
4997
7812
383
3425
9664
4391
5258
1210
6304
7583
1038
3624
8160
7282
8215
973
5302
1422
9610
6461
7472
283
6336
1951
1569
3730
94
7757
352
2852
9046
6480
8766
7407
2041
5231
427
979
2791
2487
55
7943
697
5530
1529
5963
322
6661
4567
4588
9866
8160
2452
7925
4095
8906
3460
6888
5300
3621
6799
2300
95
5058
3964
4898
4778
3779
2006
6027
1725
4322
8490
3836
7951
2582
3136
2820
1404
6731
9733
4021
7344
1651
1727
8134
4285
8362
5604
865
91
4239
5800
1987
6750
8822
3745
4126
7804
3711
1974
4235
1412
2680
9776
2997
9611
2033
9015
4387
9133
1506
5690
4943
9059
9341
2813
7265
3745
8862
5104
2190
359
1173
3935
2448
3831
1546
3139
6423
5363
3171
5648
6092
9853
7519
2084
6106
2086
6398
6697
6363
490
579
8211
5547
7329
3688
9276
9495
4211
4479
7005
6035
714
6565
7721
1992
4007
151
3668
3002
3267
8719
1226
1960
7624
6302
3245
2263
5050
486
6281
9147
2282
9397
110
1405
383
2210
9385
8640
4148
5097
1109
606
9520
4203
3196
2432
9812
9860
6241
5978
2175
3422
6677
9560
9752
3736
3126
7569
7089
4426
2234
5721
6954
7476
6234
4723
6375
8411
7975
8584
6923
5988
7740
5398
5233
1258
5248
5131
5083
6442
3238
9805
8334
7994
413
9458
3881
7781
2730
3576
622
7965
2274
8616
505
6554
8722
975
8915
1026
3333
8982
2201
3429
2749
8112
940
1223
2765
1527
327
7547
4465
8945
4657
85
3029
2964
5961
6102
1087
9129
3022
719
7810
2766
2152
5010
1566
6888
86
1326
9951
5975
2113
6416
8551
7380
4998
6114
3633
8677
7049
5865
5732
1947
5803
2108
3542
5457
492
2303
2716
9274
1847
9232
2156
5948
8146
8720
6334
5252
8847
9167
8749
7349
9578
9093
2503
4135
140
6220
2119
4119
3882
5414
279
9482
8249
883
7478
8120
9145
6632
7262
7746
2931
4597
7046
2572
1639
2649
4569
5263
9423
5784
3618
1639
1214
906
3150
1118
8693
4275
8474
4783
9337
8009
8277
7023
853
4181
3125
6515
3141
9583
1941
6579
3369
3871
9111
4155
3019
5527
895
3405
6036
2577
4900
5140
9918
5350
8076
6107
4172
6966
6200
3144
927
2077
8289
2567
8003
319
8234
3890
915
5162
22
8492
3455
9303
3431
76
9402
2337
7754
149
7826
3873
2683
3273
3782
6556
501
5219
9682
7874
788
5659
2126
8405
7504
2632
6217
5564
4543
9443
7946
8707
3595
8408
4455
1493
8122
8421
8479
2791
7864
5169
5234
2816
7669
1794
5618
5623
9718
4518
9500
5725
6394
8256
7727
2654
273
1339
9004
6420
6341
9495
3505
7355
5664
8788
8025
5892
979
9619
9840
5240
9679
8151
3671
6064
7056
8828
6626
2905
2511
1846
9357
9675
8991
3525
8196
2164
8031
5570
4863
7069
2320
7366
9426
7760
8655
7156
1083
2150
5404
4541
2105
5656
6147
5583
5757
9225
5527
6568
2699
7610
7395
1929
5992
6508
6152
9038
3967
7159
8226
3980
917
7708
8541
7159
2421
1256
894
1474
9987
4127
3033
5986
6726
7530
7500
6696
1360
2529
3932
3864
7014
6272
4093
7122
720
9086
3767
1241
6650
7310
3047
1648
2064
1043
3130
7048
6433
4175
8792
6078
8903
8283
6275
156
2177
5809
6898
8244
8441
5468
1537
5541
6609
1859
3148
2843
256
1219
4976
2395
8445
505
6707
6038
1658
7010
7984
4409
2746
42
770
7606
4882
1657
81
359
1200
6141
4633
2436
7649
7259
4750
7770
2848
3755
5406
4087
3077
2825
3305
2156
5106
8689
3290
7258
243
2035
2606
1477
1753
8447
2472
2376
9864
9400
3577
8690
7952
7634
7476
326
2447
4231
8573
4760
7054
828
1066
6218
4001
7215
8868
3931
7941
4463
9265
8155
4571
9807
3531
6330
4149
5097
5176
9948
5022
5417
1577
3058
6843
9859
6242
3275
4722
7856
4467
621
3321
9982
5741
7637
8816
7588
1859
3461
1275
9513
1879
7022
3601
8191
8856
8150
2259
3971
8648
2068
9862
5865
4759
3227
4076
3265
2130
7714
319
9729
5416
2929
5191
4887
8466
8186
6112
2229
3090
6664
5946
7983
748
9354
8620
1750
595
3098
6
7952
456
5726
3803
4551
1780
547
4074
2069
177
6152
3380
5310
7670
7782
8205
4706
6114
9906
3382
9156
1801
4316
3740
8540
8473
3392
3296
3824
2153
6642
4941
4866
1747
6537
3698
2165
7493
7708
6336
7979
2197
3812
1256
744
8368
9963
9191
8934
7
2434
858
6660
7663
4947
3775
5775
7410
2621
362
6068
3281
6709
3025
4324
9655
6260
3279
5977
6601
3880
2269
6892
9769
3702
7565
7335
1060
3032
9470
3875
4805
2422
3803
7575
3443
5035
5069
8284
6411
4788
4590
9877
4444
8544
9058
2451
8397
2305
9204
4682
4712
9211
195
3489
4404
7957
1179
7057
2748
37
1862
8390
9583
3738
2494
199
6951
5288
3339
4998
1993
1237
8083
3665
1539
9228
3134
684
2491
3373
2742
2314
9503
5087
7266
8457
1363
8819
1695
7666
6861
1223
9413
8301
7248
4288
5018
9563
6753
168
4655
1120
1482
4162
6830
8704
2507
9543
4019
6194
205
3847
9110
5294
3105
9454
217
4456
4032
3221
848
817
2687
4869
1944
4734
4465
4205
7473
6485
9078
9965
9196
6604
1360
5280
4982
6775
9420
1214
3235
3572
4507
3917
1422
5901
3852
9507
2525
1377
9220
4170
4240
9789
224
1729
8864
9585
1772
5226
3550
1516
5774
9319
3917
9536
5823
4920
4254
9773
8816
895
3916
8084
3810
7939
8916
3917
3206
6872
4999
23
2844
8212
457
355
1835
274
9601
7011
586
1231
1035
8822
8619
789
4818
4071
4686
1244
4643
4953
1739
7524
9879
2585
4558
2976
690
9465
7400
1276
1975
410
652
2188
1563
6044
6453
6686
8713
7558
5137
1691
9212
78
121
3339
213
5363
3560
227
9306
2616
5919
3847
4569
7177
3875
5848
5311
4163
5096
3996
5644
1870
5863
4279
1414
4393
644
7007
4058
1379
6029
252
8864
3117
9643
1054
5698
2495
7990
4516
1655
5343
7685
1776
7727
6317
9217
2136
1255
739
4745
3551
1351
814
3116
1851
4091
3300
5510
9026
2898
1841
7790
1360
5806
5367
8591
8374
5701
4154
955
5884
2834
9044
594
125
7399
7354
2187
8478
2661
1015
9744
5366
3002
1171
4650
3813
127
8624
7188
7743
8406
2237
909
7396
648
9139
3070
3810
4421
4461
1975
3047
2117
8460
2386
943
8726
7079
3864
3505
4490
8637
666
8092
3305
9541
4488
2761
8302
950
5042
1811
2432
6955
3157
1847
6761
8117
2225
395
1585
1527
4527
6055
2096
9814
6198
9173
8918
7581
382
8575
6665
4047
5589
9893
7204
4237
7820
9241
1928
8850
7807
7016
7029
8609
688
2689
1909
972
8939
1218
4703
124
9240
7274
1878
1930
7542
3216
5656
4340
5550
1011
1225
8745
8472
5699
9337
5970
7547
8882
6683
655
9909
5244
9625
8867
465
6177
8254
232
7867
6787
3025
574
2885
6249
1546
4689
760
8723
1211
1257
4987
3887
4391
6128
3572
661
3679
3382
1831
6409
7040
3572
7440
1185
8311
4275
3685
6386
1643
3616
9981
2367
3344
4329
2459
7067
838
6338
8550
690
8662
4534
6186
3052
6212
25
6428
7046
2513
9335
670
527
6926
5461
3985
548
1819
4784
4280
2154
8439
1014
4883
1532
4261
9473
3697
1525
4357
9145
3892
6119
6717
2389
5762
4042
8161
5557
6964
1997
1032
8898
4912
2333
3774
2071
4965
2539
2167
5289
6718
1888
739
5202
5748
3140
7289
2190
8322
9337
8853
859
4360
3849
3223
1074
5977
8933
5970
3512
5894
9529
5487
9798
6137
7044
871
7297
141
6332
8080
5643
467
7395
9948
2378
9619
7292
261
8147
8951
7474
3028
325
6931
1043
4066
7243
9791
163
72
9930
25
4423
4833
9239
4487
5486
3740
1668
7083
912
1944
1966
5190
2773
9348
9069
5983
8033
9166
280
5826
3563
6741
3284
394
8455
6932
9348
4678
1464
1584
2257
2820
6372
6534
9084
1582
8632
8234
3891
5292
3302
4660
8643
2440
8865
2567
2436
5090
4435
1478
6168
857
8152
4119
8154
2218
6502
499
2813
912
3097
7584
3986
4705
3846
6210
4662
6817
7278
2472
8295
291
5252
8984
9257
179
3179
1999
1772
1828
9564
2189
4913
6146
7552
4884
2428
1107
1804
9247
5586
148
8492
3987
5218
5520
8209
3836
6376
5263
3144
7911
7143
2778
1740
1249
2003
381
6013
6078
6509
7840
7685
6845
2617
3528
6205
2155
1115
8026
6074
5424
8660
5632
1197
9364
6451
1440
1377
165
9684
4091
5344
3433
3623
4724
6772
1069
1462
3609
2553
311
9026
6877
5768
2883
1416
7796
2023
571
4890
7697
1568
7054
134
2621
7005
9441
2958
735
6545
4224
2550
2766
7503
8105
1257
8828
7698
2503
6456
2065
6881
606
2541
6773
8521
9511
9387
5838
7000
6751
412
1261
5801
9796
8357
7470
6455
4282
9740
5735
6017
8154
3050
7595
9093
6100
5781
8072
9768
6026
6037
4339
357
8635
4581
8630
6253
7521
4168
5092
4239
4944
8237
7358
9040
5401
9063
6676
4754
5831
925
2042
3505
8967
7018
4288
7103
2437
500
2394
167
9326
5318
4233
4873
8512
836
1156
1591
2749
1722
564
6896
5417
9204
4420
3890
9789
8531
9813
3429
4837
4249
9528
1802
9281
6551
2697
7537
1634
3350
9946
6359
7489
1095
7674
7597
8572
5166
9014
203
1417
2179
7431
6419
3633
5091
2232
7543
8774
7116
7061
2059
3214
2778
9742
5630
1029
8484
841
1312
2869
3516
4252
9375
9378
782
6066
6844
1179
210
5282
6884
3204
1213
4795
4606
4325
263
3460
7442
8798
2259
719
7594
779
9692
8952
3308
2808
9899
4771
3168
6633
2354
9250
2873
2909
5849
445
1665
3221
681
2216
6602
1214
1493
2690
7054
8531
9333
6381
699
5703
5713
698
455
9054
1875
9776
7003
6618
7252
1516
8640
3726
1542
5857
8473
6257
8680
2058
1683
3079
1502
5615
3872
1887
916
1343
5306
4614
8093
1956
1283
9623
7587
6815
732
3905
5036
4064
698
8394
8054
2641
2702
5564
8895
5130
4556
8748
8165
4332
7453
795
7041
524
7246
2176
4150
6903
2225
5299
3451
2742
698
4535
8529
9262
8653
1370
1442
2443
9024
6607
5307
6565
6845
8524
239
1340
2733
1696
2677
9080
8291
7212
506
4677
2127
1950
5072
6345
5870
6162
8939
3941
6097
8462
6138
9315
4695
6967
3668
3975
2114
925
6950
2850
9243
6987
2005
9649
4896
3182
483
9088
9584
9397
3938
6082
3104
1818
5183
2550
5170
5267
2817
5936
8003
1099
9951
5819
8158
2541
4996
3277
535
9066
3820
2494
7635
9948
7424
5762
2054
2255
8958
482
4711
8955
2543
8075
3421
5711
3038
4526
4600
5181
1183
1873
1811
5751
3391
3687
6307
7047
3438
2553
9323
1828
6623
239
3985
8882
2817
4633
58
283
4450
6165
5193
1886
6403
6543
6393
1592
7198
8956
9806
9734
4528
1912
9618
2767
5628
5550
5193
672
450
7917
9449
6325
4243
7158
1768
6945
1638
4371
2057
5192
3769
378
2695
7017
9728
650
2047
9721
9903
2838
843
2176
6403
6213
2101
6933
403
8476
6671
9968
4700
8369
6745
577
780
3183
3984
9587
2575
9310
9740
7127
5079
3757
9548
6123
9292
3826
3300
7110
2363
8004
5128
6972
6853
7952
9775
2114
1222
7674
7074
43
7372
502
9607
8871
7848
871
1705
5435
6113
3832
342
8066
8337
8973
2772
8064
5895
6525
6248
619
95
3860
1288
4463
823
2451
6561
658
6398
2846
3254
402
3635
6251
3661
1795
6758
4035
8514
7636
6356
4679
316
5869
9096
4050
62
5127
2580
8830
1574
9391
5150
4119
606
7998
3233
6001
471
3634
3823
9767
5550
3873
1181
426
1495
2951
4366
3039
8772
4182
8243
6175
6860
3775
1768
2956
4963
7800
6299
3627
7302
6980
4598
3659
9649
3706
9295
9483
7890
8050
3035
1390
7733
104
3683
775
398
3840
7039
6431
4484
5026
436
8803
1544
813
8697
4373
3049
3775
8674
5782
6193
2318
8885
3739
162
4375
1004
5097
5623
9812
1754
7208
4389
9723
4490
5543
9509
8094
8826
3480
519
4413
8348
9725
6675
6199
7721
7331
8870
6528
6228
9483
9136
5556
7776
3805
2207
657
690
8588
6101
1845
2627
2883
2239
2158
1346
2515
9581
7137
7743
9754
87
3118
8035
4465
321
4182
8228
4553
9431
181
912
8007
4676
5065
2622
1620
819
504
3623
8465
7644
9831
8178
5770
9953
8620
3517
9042
6523
3189
1046
6472
5185
8483
1066
883
7476
62
1452
6241
6305
7138
7047
2217
1083
775
2022
9194
8373
9355
4767
2148
6117
9761
4333
4811
7380
6204
1358
7463
7283
2320
2799
6370
898
672
2405
781
2106
11
4369
1698
2855
9251
1858
1977
5000
7323
6053
8210
4166
6064
6852
1426
9226
604
8183
3914
5652
5967
9968
8245
1525
9307
7011
9594
6598
2646
1440
3522
9768
6050
9578
8473
6156
3720
4585
1553
1388
5041
3493
3639
1298
5476
9363
5005
428
6069
6478
4350
2713
9718
8514
2760
2798
9301
1825
9649
7130
7922
2799
6487
5969
2424
6634
5014
7726
9036
2265
6321
1769
530
7309
7767
7090
6418
6533
1763
7709
6403
9224
2525
4086
4031
5288
7115
86
9397
8061
9689
3497
7780
3537
2147
3668
3400
4302
5163
1117
3997
823
144
7541
528
100
1840
1720
8568
3765
3199
7672
6107
9954
1009
2025
3361
523
9413
3145
7036
3056
8450
7876
9798
5295
6269
4885
162
9642
2594
7938
832
5066
7691
4161
5936
3493
9562
1462
9195
5642
4488
8065
6062
1933
5760
2446
9190
7704
1997
6655
5963
4205
5294
4003
1534
887
614
7618
5305
1059
7878
8949
1080
2816
4661
9512
8866
4086
7566
8923
5944
7149
9785
6180
8376
7594
9811
8642
74
7583
9063
91
5473
3247
6989
643
536
4665
1760
6644
5345
6175
589
6846
9169
9459
1463
748
6241
5980
4861
5530
7986
5972
759
8195
5982
4525
6699
9124
4177
8359
8609
3787
1878
7143
843
5869
3858
5619
546
2547
6177
8657
8852
2139
6352
5437
5047
5744
6155
2743
1876
4011
3906
6601
4337
2134
1902
4642
7690
4428
2741
9196
6458
1696
5661
6511
6128
1258
3639
6085
6665
1787
1387
7401
9432
9109
6429
8818
9441
6303
8733
2003
7487
6486
9535
845
6620
4921
716
8501
6483
9223
348
2898
596
1011
3718
9393
4506
3372
942
87
4393
2076
2698
2447
5087
3328
801
4585
6078
807
2117
966
7672
5057
19
5262
3406
9102
2528
2630
9972
3474
5664
2866
1544
9358
5738
430
3730
7805
9720
5768
8672
8279
5266
6271
6262
630
1161
1182
8810
3066
1554
960
2079
8009
3189
7936
8836
3554
902
6335
3530
7371
7645
6893
5329
2313
1173
4275
3248
6877
4678
2475
7014
724
9496
8203
2035
2146
9081
7344
4626
3359
8649
8100
4592
440
5350
6636
5200
200
3125
5562
3392
5453
6289
4567
7726
9961
9170
760
4960
9572
1008
3412
9721
7756
4198
7522
6997
6854
1855
8382
6980
1747
642
5911
245
1248
4048
79
8784
3182
8897
8954
9357
2330
1323
6625
3116
4220
1450
8775
8669
4655
7546
4555
6724
4114
2306
4662
7621
4812
2906
4241
2043
2339
5758
8914
3727
9394
4147
5539
7320
327
7370
4467
5152
1201
666
6820
8335
6772
4902
4526
7508
2716
644
665
4894
3774
3986
5044
1455
8700
6782
4517
5532
4404
5520
7619
3414
7008
5734
6950
2477
9723
1764
5275
9565
5702
7947
544
4326
6314
5644
2101
9386
5622
8507
5702
1584
7540
8947
4870
4833
8842
7712
5821
4601
4616
1251
3185
2451
4668
8131
4632
870
7860
647
7947
2100
853
8620
2469
9341
5007
9269
3979
6673
9461
9799
1627
7
6528
3150
9717
9781
2934
8739
4642
3379
2383
5056
895
7679
8032
8013
7868
398
8848
3357
5255
2744
3069
8703
9925
297
5480
4434
2228
8697
1516
5685
850
2979
3665
9964
8985
163
8235
732
6870
6486
4472
4677
5871
244
6538
4465
8583
246
5615
64
6739
58
8922
3731
5888
7898
8258
1523
2354
3174
1439
7446
6589
9902
7262
1092
6535
9734
6336
8654
9425
3381
9097
5410
1324
8741
7725
4059
9164
3184
2006
3572
6357
1075
9965
8336
6355
1347
9592
6664
9894
5850
7364
4344
2026
10000
4719
8702
4658
2287
1719
4968
4910
9010
6390
580
4126
1236
5571
2155
244
9287
913
7924
8742
7465
5408
6901
8288
8330
9510
6870
9970
1392
8083
3406
6768
5844
8239
2553
1403
4351
5580
4995
4685
1614
3391
5195
5766
5629
4024
4822
543
4126
7027
2181
8043
7127
7701
1493
5342
5132
7461
6173
5119
2173
8339
4203
2567
1907
8040
1158
6068
7125
7618
2895
6101
378
1604
4200
9381
442
3732
2080
9082
4927
754
8823
1933
5936
6403
142
505
676
6337
9841
5466
9522
8688
896
7399
9451
3519
1829
9214
5953
24
6560
442
1781
3760
5388
324
7028
1421
1635
2969
2603
1942
1729
1966
4914
8619
8749
3282
1921
7585
3314
5943
5109
8802
4016
1359
2473
105
393
483
5198
5177
9726
9396
9894
2408
6084
8755
7173
6327
7593
4608
1458
8804
2010
5041
4424
984
2970
2701
4557
8493
8200
6348
8310
5097
9346
2265
829
8667
3980
4020
6146
953
5433
3507
809
1679
9766
2774
1657
6612
6594
3351
1832
9306
8625
3501
5565
2320
849
2640
4379
9789
4264
9719
8322
3932
2507
9342
6965
1997
6010
9433
2765
6456
3762
5837
7145
4278
9442
4189
3744
6961
6121
4744
7498
4128
6189
4110
9
3461
4296
6412
8933
6063
5175
9189
3887
6912
9785
8171
6714
1243
3672
9809
459
6586
2491
2278
7165
2335
6728
1317
2900
2139
4805
7160
84
5849
6926
2400
7317
5912
7374
6890
8658
9219
1230
3472
2094
1762
2450
79
8665
1073
831
2582
4491
4564
7465
278
8758
6462
1269
8373
6316
4545
3331
138
5107
5431
4198
5455
4193
3955
324
7851
7859
4806
6009
5280
5732
5255
2722
6755
3995
2564
5175
2118
9411
3249
2320
4912
3261
2227
7849
8517
7660
9830
9744
621
7563
3639
6975
6331
5960
9267
3367
8596
7157
9074
9802
5463
9261
7162
552
5691
7580
3019
1279
9636
2218
3440
2045
4785
3752
8572
5341
8341
5672
1959
8264
1734
8350
5376
2556
9019
2808
1815
6870
4542
7069
1657
6702
7375
6745
7295
9044
4219
5177
5293
7421
1509
1265
7861
34
3094
2762
6806
2037
1408
7139
6777
6820
6352
2663
642
8847
6572
8348
6831
8656
7146
8975
9888
1759
2669
2852
327
379
3780
9802
6597
4451
1098
1756
5869
7010
9937
6434
9587
776
6343
4880
3609
4013
8370
3015
112
9574
691
1710
5032
3072
7684
7456
1567
2360
2976
3498
7802
26
1488
3004
7370
9468
8607
6494
953
2668
2653
9975
1971
4050
7866
2817
1195
6291
5142
1027
886
5513
342
4818
9667
4648
4823
9845
1251
6754
102
8448
9905
6026
7243
7239
9617
4797
6049
2235
2065
7608
7574
9746
1440
6033
7837
946
2943
8898
131
492
8441
8883
4133
745
6534
5222
7511
369
4138
1117
8311
6137
6337
2584
3431
1049
2658
6214
5452
4612
4949
631
4300
906
7389
3937
9299
8948
3947
4865
5962
7
215
1876
7409
1290
6849
6434
7419
1659
8696
5825
5221
5776
3130
1968
1477
6270
1701
1831
6429
495
2035
6911
9233
1680
8235
4025
7557
1395
7744
7723
4482
549
954
3944
7712
703
4507
5901
4486
9642
6300
3320
8578
1182
1228
1931
4193
4527
9779
5322
8646
3836
6774
8588
7653
4213
963
1128
1384
4825
4691
617
7305
5949
1093
5528
713
7433
8397
463
4920
2507
8195
2939
9915
9283
3331
7055
2548
4372
1312
9945
8688
3203
3439
1490
2888
576
1825
3287
1360
40
3054
9102
7156
1091
4205
4693
2426
7048
9253
9389
8293
3296
1959
1781
1131
4514
9014
4126
7913
9663
3561
9312
3949
4371
6158
5171
9036
4361
9397
5954
8851
1385
8130
70
9915
7611
3984
1015
362
4248
4323
8490
1411
4145
5121
1140
2436
7520
579
1511
9566
1219
8863
2308
2767
3013
4059
1380
9250
825
5676
5191
8308
3446
979
8746
8114
980
2969
1215
1506
954
4065
2557
1289
2616
9368
8978
2335
7607
3471
5
9726
8696
4864
2333
1739
2827
4624
9639
7076
4748
5000
1351
5089
7660
3470
3923
6688
2589
1974
9703
5654
6783
1382
4525
7993
4213
8574
3647
5772
2375
3385
2377
6072
5804
9502
4250
6403
3440
5910
8239
6529
2603
5593
2218
686
8406
6243
5018
4039
7127
382
1786
8356
1410
2811
9800
9661
7926
101
4123
5940
7226
4507
7985
7008
48
4929
1381
7282
990
6551
7371
6687
6969
9443
7369
8023
2142
1865
5671
8582
6002
5130
3608
3631
7521
625
1465
593
9874
3984
5957
3689
8202
1545
3893
7493
4062
2982
5994
4227
4085
6587
9778
695
8613
957
5505
1167
8854
6433
4175
8888
2943
5709
1081
6036
771
3139
7793
6050
3381
4224
1636
2614
651
5187
9915
3384
4526
3734
8261
9328
3268
3558
2461
3977
3975
8956
6903
3793
5543
7454
2951
1359
9015
624
5747
5617
7795
4906
3602
1049
4389
6496
1363
8757
3808
4829
9241
1479
4294
2756
7448
3793
3804
6364
9583
3073
7616
6991
9712
5417
7391
8173
9482
1704
2935
983
1706
4212
6377
3385
9595
963
7465
7690
9412
3530
4967
6667
1466
4124
4862
6094
406
3574
8054
8566
6067
996
8549
1581
1929
8987
2958
1604
4732
9313
4602
5880
4565
1934
8991
8194
1245
5688
1393
8521
4349
5514
2608
1895
1683
7255
5016
3867
6605
5867
1716
9415
7540
4716
6325
7829
9002
7731
8534
8924
5384
4600
1329
924
1133
9298
9208
9469
8887
8688
9407
4228
5567
7549
5701
4544
5000
2898
2556
7900
1653
4299
21
9431
7509
766
3521
1131
2115
3636
9195
5781
8229
9378
4852
4925
8918
6380
1272
4330
5957
4956
3180
9426
8673
1281
4844
1414
4023
5284
7140
6426
7790
5185
401
9723
8886
8045
565
7594
7122
9003
5482
3618
5047
448
5869
5711
1857
25
174
9566
7562
2439
6785
6863
3796
1265
4559
8103
8074
6168
7240
1277
3239
8646
3009
2301
7414
415
4043
3935
7776
428
2006
9173
476
8730
1043
5788
7745
3602
1481
6258
4149
8560
9511
6309
8178
1353
4122
1604
3055
8082
5204
6200
5092
7339
9108
1776
5455
2072
9476
6590
4700
425
7431
1148
266
3457
1663
8440
1767
3969
7634
3246
6550
475
5002
1829
4039
7082
9045
3716
107
2440
9391
2668
401
3023
9093
5570
9705
7766
9174
9887
1098
1255
6856
3033
4530
6855
3987
8084
7359
4704
4176
6740
2506
8273
1673
1117
6511
819
7685
5717
4840
669
4322
22
5145
7118
2383
4609
4063
6456
9832
3518
9529
6025
1362
290
1007
2109
9553
4813
3260
5358
9298
4881
3761
8225
7259
9843
6494
8844
8681
2036
8972
7892
8399
6680
6882
5450
6923
4566
8368
7693
9913
3508
700
554
6621
3196
6668
5871
4727
6961
7809
3036
33
9147
2422
7808
2395
5342
3753
650
3211
5847
7759
2856
5552
4450
8905
6616
511
6438
7439
3689
2117
6836
841
9299
4782
3548
119
2319
1487
3929
9917
8521
3189
8300
1814
6362
9149
1175
8104
279
3356
6319
7489
5194
4264
2540
8297
5389
8285
582
4203
6827
9564
951
4311
7930
611
9596
4687
2495
3821
7145
8085
196
9485
2315
4454
2427
3427
1870
6363
6012
372
6233
8357
9360
4641
8121
7103
5890
9296
6350
9883
8526
9843
7886
6066
812
157
5980
2864
2158
191
7984
6168
4903
4659
3021
2504
5425
7123
1109
4338
1972
2150
9210
2327
8482
1668
2760
26
7356
2616
1583
7768
4067
4728
5386
3352
1483
9292
176
4219
7705
3739
8780
5669
6192
2001
9139
7005
1938
8589
6079
996
5093
8358
2103
7163
6633
5093
4245
1405
3907
4213
9642
1474
2743
3256
6802
9131
1809
5559
8687
8109
9217
2974
9156
5462
8328
9145
6804
707
8638
1596
8499
994
7921
1987
7151
9091
2982
6351
1010
1063
4925
9543
3738
1394
8892
5808
6168
9198
2481
2545
7853
2364
4525
3262
7823
27
2572
8912
440
5456
8645
666
3379
2865
1636
9550
3339
4803
1283
9255
6093
5074
8405
2814
9230
8173
5208
8426
9056
6585
4674
6026
7012
4197
8433
8010
5549
5835
4610
64
9323
4571
8551
3231
1784
3278
5722
227
775
8598
9522
2554
5073
1328
4571
4595
8919
8284
5865
2582
4857
4956
7913
8153
2336
7078
2052
3999
7377
4593
1040
5833
9823
1588
9513
9253
9058
6006
4941
3089
9618
9301
3189
9509
9247
719
4341
8115
8267
4606
6853
3017
2390
356
2627
5904
509
2978
5124
4210
2286
1564
4741
2681
6647
3983
5142
6690
3735
4571
5053
857
3017
6205
1268
2559
5905
6468
2298
819
6771
7820
5174
9512
2943
3516
7793
5993
334
3561
5308
3419
9683
2238
9759
2989
9025
9490
4895
8568
3540
6464
9364
2807
1110
8528
249
6540
7502
2967
2944
2207
5601
8178
997
6211
2643
2559
7477
1403
7102
8864
9625
3595
5425
2231
7992
9556
2872
5229
6609
6135
1148
6106
7952
314
1008
9547
3703
8388
1540
5828
4769
8340
7140
7380
6886
2376
7758
4398
6783
98
4659
9584
7209
1300
8931
5129
5416
3149
4070
6195
1428
2117
948
662
2865
8997
4965
8322
3640
3165
2018
2799
968
937
956
5036
5206
8333
7869
6497
7088
3511
3927
9663
2546
8432
7698
6468
1981
5814
5839
7832
9389
9800
885
6661
8506
3927
7228
7939
5131
5644
7125
7498
5214
2113
7424
8927
116
2581
9952
4646
5114
2296
2938
7041
809
8198
4984
4924
7850
2338
382
3837
6584
8711
3732
1798
9565
8051
8616
9988
1912
3258
416
6892
7934
1912
8281
7669
4396
143
1415
9406
2106
4048
9037
1960
7377
3307
1476
7067
867
7426
2019
2664
1569
6594
6042
8180
5526
6071
6147
6862
2394
5234
8441
2324
4209
708
1932
6842
1651
9585
5064
7511
7798
8439
1393
7049
4593
6115
9035
113
8355
855
2739
8296
4476
8539
9277
2491
5299
7047
951
3013
1243
1375
8144
3468
5482
7776
6917
8317
5170
5481
7568
829
3383
1478
6075
7314
542
5423
9594
8693
781
6245
6608
7031
847
2579
8504
3634
65
6128
7911
3424
6910
9337
557
6130
3333
2394
6662
1547
1964
3666
4943
9540
1474
7257
3403
3598
893
7918
7168
5364
8933
2014
2668
9024
9044
9231
8054
417
682
3243
3307
5965
8674
1829
1672
2972
2230
24
841
6238
6192
9442
8598
4324
9916
7685
8463
2444
2129
9309
5767
3617
251
4835
4878
6346
2875
4694
3964
1848
6491
6634
226
3839
513
5878
5853
4365
854
5145
8781
4034
8461
3642
7856
6353
9242
5217
1379
5659
6432
8691
1816
3052
289
8075
8390
9226
1568
9536
5214
9143
2679
6927
9854
6390
1954
6694
3681
8538
4079
6858
9806
5708
3604
4409
4257
5003
3368
3958
6642
7863
710
3304
7060
5840
2678
1927
4573
4098
7348
4762
7998
1728
7160
1160
1808
3532
9785
8813
1673
211
5675
5447
3097
5683
7440
6392
6023
6469
978
6358
6829
8665
2556
6897
2654
5518
4499
6793
993
4456
4355
6786
5445
2408
5909
9302
547
2757
33
3782
9217
881
7735
2203
7978
493
160
5063
5809
8351
2546
4984
8336
3094
5802
8666
1811
7812
2176
3480
2670
9745
5444
5325
1936
5193
622
7064
9458
7120
3173
6812
5453
6517
695
804
951
6158
6185
4972
6954
5554
9711
3305
9245
3817
1704
702
2872
9446
1764
4539
2755
5788
6991
839
5803
1246
1772
3346
7765
2077
4475
2216
1640
2788
3572
3992
5813
7622
7956
9507
8303
1293
282
3650
10
1148
2921
8665
4626
9453
8498
4758
6413
9961
6065
2887
588
6791
5396
9712
5359
1110
8724
8984
1031
4264
1702
2873
9213
9216
5032
4693
3750
3600
3507
185
6976
8740
2452
6984
6467
2971
3838
9674
2147
299
20
7147
9798
1687
3943
1533
7661
2748
3822
900
7478
9654
1681
544
8941
6887
114
6085
8710
5259
7164
7684
842
9208
2120
8585
920
5534
7691
4186
2502
8607
9588
2893
8398
6787
9274
8951
9816
8574
5306
6035
2534
2217
6612
472
3647
4761
8864
2526
345
8174
2530
262
2141
9106
4673
5131
3779
6754
8651
2301
9448
4228
9305
1347
3476
7962
6558
7961
5055
900
140
5011
7882
4810
4371
8553
9163
6922
9374
8192
9619
8081
977
617
4450
235
4251
1512
7417
9571
8605
6986
2780
9489
4088
5116
1551
7244
8699
4711
2802
1129
4885
1768
2310
4063
2532
6993
5779
3099
8099
5332
8172
9111
4275
5032
4677
7073
777
1444
317
68
8151
1111
4385
3609
106
2031
4518
4465
295
6083
9639
5504
1889
7525
691
8713
2094
7460
1731
5046
5919
4207
3046
2046
9584
1289
5357
7148
3268
2567
2351
2139
7981
5155
747
6538
4514
5622
7440
5691
7954
6361
9221
3263
2811
9617
9172
9483
6888
6509
2931
6137
3508
4949
1895
766
6909
8687
2449
8779
9096
7786
5578
1043
5771
8055
8336
5401
9409
6463
3256
9122
7039
3999
5923
4055
6206
5202
6982
6968
9020
3726
219
9253
3512
9364
4077
4762
3509
4341
9036
4509
8268
4627
9756
1511
2241
3143
4894
1935
8881
457
9398
3209
5283
4841
3993
706
7948
2854
9172
9595
4975
6029
3016
4994
1020
5370
8988
6792
5357
8368
8599
5397
8507
1188
2133
9470
570
6376
6102
5697
2743
9286
1870
6423
425
7425
58
9499
6288
8394
9009
252
9332
9855
1625
4058
6901
7155
286
5685
3535
7445
1170
8949
309
3832
76
6930
153
7589
9529
7305
3046
7670
1692
742
5293
3773
9718
7289
3821
246
6762
2037
3289
822
1278
9101
1431
1842
3425
906
395
4288
6017
3201
9315
6813
9648
4223
2563
7097
3038
2904
6090
4332
5609
3099
865
18
5993
9224
731
4326
1292
1933
997
7512
8512
7754
2362
2848
3883
1866
3569
86
4439
1494
734
9518
8056
2375
6112
5533
6544
683
4933
7141
5302
2760
5463
6917
8899
7039
3043
3732
2907
6699
1849
7745
296
273
1062
7894
6847
1326
8259
1318
5932
5087
5390
8571
5494
7309
7538
1533
3746
2914
3151
4391
9169
7889
5222
2941
9609
4602
6661
3265
9597
2711
2245
8867
962
2254
445
2900
7947
452
337
9098
5219
1407
2097
7762
1006
9648
4219
2663
1191
7148
2354
8664
3545
1606
476
9567
6010
3886
228
7300
2809
1225
3636
615
526
7617
5868
8600
3294
3703
7310
388
9338
6296
4046
7706
6586
6955
7132
5509
5777
4009
2900
2412
7828
6686
2171
9228
8311
2155
8877
8819
8047
1658
5332
834
7187
9265
8998
646
7146
4221
3955
5681
1227
33
5118
490
6651
7146
7149
6287
6818
995
650
9334
5552
581
6139
3044
9821
956
1596
1209
1704
3110
9363
7492
3283
5383
5865
9350
7622
5870
2661
6290
6191
7211
4557
5892
5757
6035
4417
5345
7457
995
1250
7413
9464
2877
492
6543
3131
7258
5289
4921
4235
3711
6717
6889
9938
4
9034
865
2044
5118
9125
311
1951
5691
1573
2341
171
679
2524
6755
3227
2655
5523
526
3062
7639
7134
9177
5580
772
7543
4927
3422
9856
1205
452
5158
1611
7720
2076
6674
5583
8896
618
8015
6047
532
230
4194
8790
1905
7280
470
1501
3395
1893
800
56
1954
554
6618
5135
7691
8002
4573
1955
5658
5311
8871
1556
4209
20
2266
1115
3626
4638
373
7234
2655
7849
7111
1417
5298
9383
4649
1459
3732
847
565
3781
4759
5722
1553
8143
3279
3931
2235
6385
6195
1024
6477
6743
4339
7115
2137
8636
5606
9711
7911
1174
5219
1250
9985
4174
292
4805
2317
3825
7911
4276
116
8137
2816
4374
381
8207
4340
1703
9392
690
5007
3390
4711
8472
9481
9489
3766
4722
4630
9365
2055
9945
7158
7659
3128
4927
5928
2482
2317
3293
1466
224
6318
4072
2529
4167
5482
8820
3361
8420
4171
2279
6165
6529
3246
1544
8003
6434
5661
6629
3401
4011
606
7400
6659
4647
52
8850
2156
409
3988
233
8518
4147
8613
5215
4665
9741
1650
4772
4823
9495
1160
9667
4412
789
2380
1729
3452
8413
7616
587
6350
4167
3721
7576
2864
5266
1205
8096
5961
5929
3691
8103
8360
3293
4027
6832
5261
2483
687
6431
9730
6906
1121
552
1562
207
933
4649
9110
6010
7814
4331
1133
8943
8553
7416
1136
7060
6443
7807
5754
9996
8236
7507
7269
2089
721
9
2233
7422
8339
930
2368
5531
2452
8438
302
6890
5772
9362
2474
5266
4371
8481
1778
3238
1624
6119
6894
1160
1555
2979
6570
8374
8284
4062
2262
1542
4217
6365
7675
2056
3765
2029
5428
8653
8408
6723
363
6567
3409
5498
2887
5376
6298
8051
6985
9510
5093
581
4461
3698
2825
3002
5114
9077
8628
1146
8256
1529
2102
8447
1474
6123
6028
4471
6352
4485
3370
1542
936
2823
8234
5443
5488
7535
9959
6540
1788
3574
8784
2588
4969
3513
4879
6236
9780
174
3435
1289
9921
4172
5693
1904
3943
9246
4738
4095
3311
7135
5924
2032
9396
7308
9748
2166
1719
9448
5511
3241
2157
7023
3436
2211
8520
4068
5025
6908
8212
3730
1633
772
2255
5183
3459
6306
8253
3854
6997
8197
8453
1749
3818
9543
4041
664
5756
5305
504
4200
1170
271
7717
8666
974
9585
4473
8302
4572
8979
5679
5067
3938
9683
6508
130
1802
3540
582
2455
6184
9915
941
123
112
2286
5913
3448
2560
4771
4651
1639
6991
9477
4616
6035
87
544
1699
1031
2586
7972
4845
2028
865
5579
4665
9867
1207
4655
1044
6579
5476
7380
5343
4592
8794
3193
8405
8333
2998
2498
4458
4482
5280
7551
8826
7544
9019
9710
6275
9858
9263
1487
8883
8568
8204
4619
6231
7962
7792
81
8796
3025
8796
4770
7072
621
7178
8079
3477
3434
8927
9806
5
6110
5340
6634
4284
6067
8963
2007
7587
1477
6267
3450
6597
1421
7736
6227
8110
5894
987
3891
1586
3100
4581
8941
8966
9344
1375
2866
6946
5482
8394
1531
6085
9206
694
7254
5830
4429
9691
3440
6069
8573
3142
3144
7464
3354
3254
4314
8931
7622
1614
427
9157
5407
6825
2337
197
4342
6591
161
7849
4866
2093
1367
3629
3369
7188
6972
8810
2021
4878
2212
7843
6544
2249
6136
5297
7724
8965
4837
9976
4566
4989
1249
9129
6495
1997
6360
8529
2261
7103
5358
5328
2493
5329
7011
8675
8619
8410
263
4981
7526
5878
1001
6615
1335
9160
2556
4102
7858
6910
948
8312
4637
8650
4849
4704
2846
170
9873
6814
8063
9529
3555
7493
1453
4213
5252
769
4109
2628
5730
4750
6380
3377
4439
6393
9001
5973
2189
738
1822
4906
9109
1656
4389
8374
5006
8304
7538
8930
902
2620
4077
9560
4445
2321
5978
4671
2243
8331
9006
9194
6307
9578
3961
4837
7585
9883
8837
4739
2912
4313
6494
8390
3622
4503
5385
3027
9397
4374
9617
1399
9380
3532
1463
6745
9656
2038
5456
5840
157
9684
2206
3813
2475
6796
8595
282
8074
7235
8843
7635
7471
6340
5262
7567
437
1008
7482
8532
2263
193
556
1742
431
8617
8880
8740
4082
1864
1156
6110
7124
6712
6652
8544
3166
2563
254
7129
5457
2849
3466
3367
5977
6068
8543
9059
5618
5102
964
42
1829
1400
9039
2485
5372
1966
2116
8211
8310
3871
73
2042
2419
9226
1787
2192
3813
5756
3755
2936
8862
2315
2245
8437
774
5329
8190
7390
3137
5311
5325
9572
3953
3201
2742
7035
4539
7837
6458
3991
131
6631
3440
908
6472
9575
9820
2763
2840
5642
8019
4090
9275
8243
8009
5519
4118
8687
6414
7048
8197
8701
9530
1561
3303
1037
8368
8460
4253
7704
6650
5743
1257
5505
3028
2244
4400
6235
2913
4655
2828
932
7398
1142
5652
6859
6681
6124
9393
7818
2944
8386
1435
6639
2118
5843
4768
3919
5396
3737
7191
6776
9962
6780
9608
3877
9661
4435
170
4203
1843
5680
1084
3493
4213
8563
7796
1743
9713
6723
1187
5773
4933
320
6527
2191
2847
5482
2465
1037
1705
116
5830
7261
1685
1816
7121
701
6138
9799
1841
9459
2845
4625
9680
4678
3816
4074
9480
2498
2033
3000
4987
2246
3258
2963
377
9376
1452
6039
423
4849
7248
9468
1160
9691
5772
7663
2567
8964
3780
2108
2474
24
7582
3701
4011
6128
5791
9035
9595
2249
4614
9415
2548
671
4150
849
3792
1720
195
9345
9542
3673
7222
9670
4502
3529
6363
1145
826
6093
3452
5376
2064
6550
8826
5574
5224
1759
8387
3382
6284
5389
2735
707
6912
7009
9572
4431
9764
3338
1968
9033
1447
3133
1158
7400
5679
4543
1964
5917
7158
939
8257
3951
1656
9196
4065
8698
3397
4954
174
6426
7185
7439
4213
8135
1021
6564
4660
9174
1847
6150
1603
6261
3837
8829
4201
6026
9830
7639
5699
3966
3620
322
5449
4397
8721
6791
1966
7036
4150
8531
6970
152
3869
4216
259
8803
3980
5719
1299
5142
1706
1173
7756
452
643
1797
898
6619
1592
6124
170
3635
6619
7933
5393
4635
778
8380
1582
31
1615
5264
1954
1359
8074
3543
9967
2484
4071
2849
5670
1554
289
3503
5809
3747
9355
9209
875
5848
596
474
4226
9564
4837
7290
373
2740
9509
1701
5894
6575
1504
4380
9521
5149
952
98
8442
2660
9867
350
6937
9629
7342
2632
1516
147
3406
2211
6007
5331
7170
2401
4712
4201
1728
1342
2304
9183
8194
8691
9774
1180
5024
7714
9701
3246
931
3978
7144
1478
4895
6264
8933
1716
194
8580
7888
4528
2064
5384
5623
6023
4870
2865
6605
2776
9324
6686
6720
600
1058
3947
7952
6611
2056
2903
9305
8938
3085
1671
7244
1292
5150
831
1112
2659
3790
9647
8763
4571
2487
9615
6240
1213
4010
7187
2028
4381
9783
4106
9171
7564
7527
1462
6084
9346
4250
7815
9502
9334
3681
7682
6108
5222
3482
4633
5544
1582
2598
569
2239
3715
513
3705
6223
9036
1539
8625
7634
3365
7181
1459
7158
8521
8965
2816
8165
3512
7812
8493
9138
440
2503
5139
8822
8325
7014
5893
993
2445
3649
9991
5214
1473
1243
3783
8573
1488
3264
9688
6130
6351
5348
8073
9249
9469
6936
8664
6765
7181
3220
6199
3878
6232
3207
3943
6487
7072
4119
1140
3681
8358
5971
2928
642
2105
910
3395
2648
1484
1502
2362
4878
3172
428
9877
8127
5943
727
7566
5449
1503
7926
5397
7001
9560
2961
9248
9101
149
5828
3784
2003
1943
5558
6847
3708
7060
4874
3137
267
8049
9027
1207
3371
8723
8025
5127
7400
5923
6807
1007
1343
476
6232
2818
6513
8757
1200
7586
1525
7300
8150
843
7585
53
4928
6922
8304
5559
1523
4191
8647
6666
7767
6596
9755
3947
9103
9145
4196
5741
3274
8208
2709
5025
4319
3403
4578
746
1153
9139
2949
9635
1237
2359
4591
7610
7116
1579
8637
7202
5363
6537
7840
4315
6220
2750
1510
8377
8946
9422
391
5443
1808
3158
6757
6324
4761
9547
4430
8402
8098
3855
9027
6129
5403
6628
7701
8633
1447
7276
4854
832
3318
5593
8098
6142
7028
645
151
682
7766
9591
3427
4944
322
6369
5866
9705
5381
1008
3544
44
2495
6536
9994
5635
9620
2507
3839
9557
451
1838
7857
5831
3601
8051
2804
6026
4727
7665
8225
2623
9450
8995
4952
9773
8607
2352
5863
8096
7824
5791
5846
3085
4133
1006
4076
2825
4558
9926
355
4563
9530
8218
2452
6205
4853
4125
4659
7974
9963
5317
178
8545
1441
199
3514
2522
6545
6135
8715
4911
9076
9388
511
3614
9135
4045
5933
4377
8941
8123
8381
8318
6502
3841
323
8483
7202
9523
4943
6204
8404
5287
2194
7186
9492
5442
7005
2037
2931
4055
3175
8108
4314
481
3860
5326
7483
5121
8316
2518
6343
5712
1520
5832
2837
4633
243
5279
8325
5996
3945
877
3413
5305
4688
7383
6248
8201
5394
9057
5228
6430
3600
545
2486
6744
5581
6446
7913
3810
2742
3370
7875
8966
2933
5407
7513
1927
5361
297
7810
7600
8310
5883
5159
9728
692
8610
6843
1269
9463
3517
2722
647
9371
4296
3341
5008
1334
7404
9522
6410
794
3434
8300
7840
7221
2096
4961
5660
9965
2281
1542
5191
2733
3803
2337
3175
4736
2990
8833
4702
4017
6859
2738
1653
3611
7137
6387
376
5431
3478
2814
5818
4667
6297
6622
4953
5409
953
3856
6486
6415
8358
7929
3589
3616
2799
4178
4779
7981
2330
1009
6815
4566
5304
6614
7838
3356
8517
5147
5694
5539
4994
9241
203
5931
1908
5206
6924
3739
3844
5690
3795
8142
9074
5803
4029
3708
1944
5997
1313
2487
2667
1367
9550
7605
4041
3827
1990
4609
1278
7926
1123
1031
9500
9396
8045
3035
6696
5688
9645
7858
9502
2934
7548
6384
5537
2242
7939
2325
913
8561
7359
1629
4985
8093
4792
8852
4558
3771
1466
522
3242
1594
9707
5112
8305
9898
325
8685
9198
8269
1481
3184
9023
4109
2746
5123
5205
6855
9703
1031
5489
4401
4931
583
3172
333
2608
5924
3962
6354
7531
6424
2441
6789
2047
56
2844
115
7572
4877
707
6373
3407
852
7551
5540
778
4092
7910
1410
2490
6003
484
2866
2487
2805
1618
8924
4918
7097
2510
6404
795
8382
8447
4877
4287
7044
5405
6581
6971
6339
7443
5991
528
8674
6998
1828
5364
5006
1879
9920
3410
7456
5221
5385
6841
6224
2283
9165
9292
8921
9024
2842
4473
6802
921
697
9800
7735
1721
6833
3036
7366
1795
757
3009
3420
2395
4959
5523
2833
9928
3447
5500
1222
2826
3667
6864
3936
3934
1207
9516
2264
6345
2080
3832
1060
9521
638
2130
747
8006
85
2906
2188
6195
6624
5041
7626
2931
8856
1536
3768
1758
5759
9500
3752
5266
783
9707
6901
445
325
900
661
6957
3749
3502
7491
8964
7432
3949
4954
1763
5193
9551
8667
4112
7135
2393
7999
9556
885
3251
1180
274
5165
1661
2739
4593
3150
7137
9609
7203
53
1615
7608
1001
5409
8486
3
7007
4055
1049
7621
6288
6229
1792
9748
3463
9509
5092
375
9198
4143
1376
5470
4327
4442
4013
8905
8228
9180
687
9075
1011
3603
9781
4247
8178
8428
4049
1316
5667
7896
8100
7126
5865
5838
5710
3997
7930
8815
1258
1984
236
6818
751
9912
6041
9078
8231
3278
3949
8806
1633
2614
2398
9193
4082
4202
7434
1665
9388
9659
6423
7679
1857
1142
310
6681
8335
1655
8666
2662
3931
1024
6548
9039
2061
1691
2923
7079
4011
9788
2922
4433
6183
5084
3269
3718
4142
5967
5699
3439
8801
1541
183
7675
910
1071
2754
4535
7939
3926
5968
5558
7862
2127
523
7420
1840
4737
5050
9135
5110
712
7315
9860
4266
4119
3702
5495
8295
9933
5034
6385
3164
2575
4330
837
2876
7799
3612
4436
5133
8217
785
5108
2895
9208
9788
6355
9141
121
5659
386
3673
6834
167
1712
3171
6926
6134
7597
3100
891
100
1653
9452
7907
7524
7487
593
3415
7016
2671
1432
4541
3129
9310
3508
4758
9496
1922
1137
1443
7510
2086
2750
34
9043
1110
1341
4585
4526
9658
2353
1426
272
8645
733
5256
7377
5436
9462
5325
7571
4739
728
5588
7698
777
3862
8572
5512
6455
9732
1309
6303
2900
4050
3539
6532
9082
303
2561
9586
6471
2694
5045
1728
3658
1377
2166
4002
5279
7723
3248
3756
9240
5790
2758
5672
18
2752
122
949
5941
905
387
3049
9381
9592
3670
8434
6259
1581
7040
7987
4464
4219
716
3712
5763
8260
3463
4954
7950
8397
5198
4204
89
7396
5367
7380
9925
7394
1353
3631
1980
8424
4550
9411
3004
4064
6017
7930
5975
7454
2677
4562
4032
5799
5266
671
5651
1261
4390
9353
3334
8279
7820
5501
8961
1906
6509
1603
7381
4934
6936
7022
5160
4263
1111
5822
1341
7120
3526
9124
5525
981
1010
9311
4999
5617
8425
7670
9952
6933
3377
8609
5215
4436
5222
2742
1362
362
2677
9611
2992
8114
2887
5994
878
7702
6079
9255
3057
3470
3777
1496
8815
9644
211
4535
8881
7109
325
1680
899
2125
7072
6041
3207
1111
7957
3193
5219
8202
7668
3477
9446
1097
6454
8175
5696
9953
4494
6406
102
1856
4065
3559
4914
4330
6733
5400
1901
6516
4966
9514
3100
1502
4019
8558
8370
3013
6427
6988
9223
6399
568
2167
3118
8263
3302
1900
5581
2955
6896
7536
5930
8759
9563
6010
3017
4501
3897
5089
6253
989
4727
6210
9749
2670
1354
2728
8808
7207
9510
8775
8782
883
6314
8314
8726
1858
6454
2815
9785
4157
3063
6985
9682
8589
3577
8320
3778
6318
3895
2766
4076
235
8706
8219
7739
8092
262
2861
9709
4398
7243
1485
733
6388
3253
1772
1039
3271
8137
4873
9348
2310
2377
8238
2286
336
9261
5792
9683
6861
3649
8730
6202
5057
5886
2449
767
9814
4649
9881
3413
7543
1133
1076
6931
1100
6666
4979
7305
9548
1376
7470
2773
4140
7185
4027
4020
4782
8962
4301
624
7059
2830
7932
7643
8195
7336
6159
6690
9930
6003
7929
2482
8979
7185
4551
6201
6670
4441
4550
322
3135
4069
8670
3669
752
1612
5577
6446
6507
3271
1184
3691
2619
6097
3924
751
5110
5090
6646
8975
7806
5200
5631
1013
8138
526
791
1909
6784
907
6754
1299
3167
9363
95
6984
8092
7430
135
3928
9718
6832
8314
2293
2325
2273
3337
1911
4018
10000
9812
7010
6228
6181
8894
1717
4620
7275
161
6062
2931
4655
5498
9928
1381
232
5972
6628
9835
5263
7942
3736
9684
4548
8620
7025
4681
3214
4196
1635
5541
6959
8141
796
8721
3117
7884
7675
6149
5330
7842
6581
6760
5166
1735
9457
9527
4096
1670
6501
6788
4056
8255
9801
2755
9851
2365
3771
5701
4598
3129
2762
7733
5852
7872
131
8320
290
7616
3417
5782
7351
7787
9659
3070
1995
9979
8707
8311
6016
6717
2265
1046
2375
5257
1912
7820
8931
4326
9658
155
3387
1398
2969
8148
7044
8830
2809
390
8096
5843
855
3626
7419
9215
1477
5212
2890
1054
670
2734
9590
1666
2897
5174
3515
5313
9403
9394
3073
8664
6699
9969
4014
2239
1126
4497
782
542
530
4246
3096
4981
2706
5640
6440
1313
1338
395
4192
4514
4042
2504
6775
9957
4512
397
5301
5695
5596
747
6733
5102
1728
9655
5521
9532
7890
8404
1026
6693
3206
4694
2508
552
4409
2742
8859
7708
2742
3559
9824
4979
6691
8957
3052
7483
3068
6988
3759
3241
6394
4151
2370
1744
7922
3801
1303
7051
9243
7521
5917
269
5173
5202
4299
1192
3941
3707
558
9512
4904
845
4793
5878
9276
6485
3393
4214
7525
1585
5495
488
6034
9464
7887
1056
3129
3979
9407
7502
256
2029
1937
5124
3224
6164
1721
432
5155
5234
228
9291
7439
842
1111
6715
7640
6340
9527
447
4911
3546
8962
9537
3245
8028
6153
3615
4939
4644
3468
2931
5139
9160
3078
1438
2225
5767
6816
9749
1883
685
2000
1769
6366
8596
4968
8686
5629
9428
2433
803
6728
7964
1586
8875
7963
3173
2897
1076
1600
3309
5390
9897
9406
9100
8985
8907
108
7438
2867
9048
3747
232
8708
5504
5386
1889
5356
2500
2938
3672
4654
2593
6547
360
615
7408
7129
7476
2531
9629
7202
2345
1215
7769
4246
82
8338
9278
