89
321
338
545
763
1216
1396
1770
1928
2055
2265
2279
3546
3644
4468
4971
4997
5306
5433
5632
6058
6258
6431
6456
6604
6628
6886
6923
7063
7265
7337
7443
7619
8041
8068
8675
8707
9027
9728
9831
9864
9935
10040
10111
10123
10186
10334
10375
10404
10461
10607
10666
11307
11635
11651
11706
12012
12025
12916
13043
13049
13579
13833
13880
14223
14354
14392
14430
14613
14775
15130
15375
15427
16006
16123
16155
16622
16816
16848
16875
17178
17310
17315
17602
17801
17935
18687
18771
18959
19011
19290
19425
19456
19511
19647
20134
20627
21102
21118
21641
21684
21688
22022
22041
22193
22348
22953
23275
23669
24248
24286
24618
24769
25056
25108
25453
25510
25713
25755
25845
26144
26374
26484
27193
27429
27611
27697
27804
28111
28445
28580
28672
28933
29114
29569
29711
29716
29857
29919
29990
30446
30555
30561
30579
30619
30807
31040
31217
31319
31629
31716
31947
32033
32064
32457
32781
32813
33013
33038
33118
33446
33514
33559
33691
33692
33805
33993
33996
34090
34477
34561
34594
34713
34753
34798
34876
34913
35500
36052
36098
37294
37328
37786
37882
38380
38398
38456
38773
38789
38941
39539
40215
40518
41048
41082
41194
41282
41288
41322
41563
41570
41611
42405
42421
43077
43120
43769
43812
43930
43987
44024
44040
44418
44593
44714
44934
45058
45396
45992
46167
46284
46300
46551
46567
47050
47069
47103
47221
47308
47329
47495
47523
47621
48320
48944
49018
49342
49623
49751
49818
50294
50346
50863
50976
51029
51037
51147
51207
51372
51377
51385
51442
51688
51796
51929
52195
52222
52384
52519
52808
53104
53208
53263
53551
53700
53884
54239
54362
54395
54514
54637
54836
54922
55576
55868
55913
56265
56275
56530
56588
56643
56763
56822
56864
57035
57038
57063
58132
58293
58365
58456
58625
58701
58717
58719
58988
59017
59052
59463
59475
59515
59579
60227
60346
60468
60817
61113
61130
61291
61532
61540
61558
61597
61657
61828
62319
62707
62792
62982
63305
63590
63886
64254
64389
65428
65599
65936
66011
66046
66224
66294
66579
66629
66637
66913
67291
67429
68025
68142
68144
68185
68421
68531
68628
68699
68723
68847
69002
69179
69251
69314
69792
69858
69961
70049
70088
70782
70834
71119
71151
71521
71695
71737
71929
72320
72330
72405
72458
72889
72976
73164
73577
73954
73962
74039
74047
74682
74722
74941
75154
75421
75564
75818
76259
76435
76527
76817
77057
77064
77415
77676
77819
77881
77913
78021
78213
79242
79562
79585
79648
79711
79848
79926
79989
80377
80744
80823
80898
80998
81452
81468
81756
81875
82138
82378
82521
82542
82818
83125
83162
83258
83468
83473
83518
83571
83636
83837
83899
83959
85205
85248
85290
85372
85650
85731
85953
86213
86553
86629
86858
86955
87006
87046
87092
87187
87834
88088
88184
88309
88503
88576
88863
89321
89383
90004
90030
90097
90235
90998
91154
91227
91281
91505
91546
91789
91914
91951
92065
92233
92249
92281
92510
92874
93788
93874
93882
94037
94077
94354
94432
94663
95469
95502
95862
96260
96327
96364
96701
96908
96911
96973
97333
97538
97584
98512
98855
98877
98918
99296
99392
33825
77468
45334
62947
45452
45276
41395
2942
39318
75685
52622
14675
4508
36780
9973
59132
54617
23127
77462
76864
44500
73799
43220
476
65714
76307
47477
14407
66626
43194
70306
72569
50346
94116
2771
32748
78824
12390
77475
55965
53785
33959
45083
62559
22161
56068
53795
17149
1131
85050
7957
47532
1527
39466
87455
11805
85853
72513
41403
57286
21874
28536
93276
55576
98186
53167
74076
36147
92779
56634
71649
88754
24218
29898
72867
801
23338
36633
4716
69211
9657
62966
77442
69023
16982
29541
90220
52109
23739
62216
56782
74739
556
68739
33417
89811
49231
63565
6193
91018
20871
74007
68489
4774
98203
8109
34459
67024
72872
47520
18848
82958
8663
95242
35829
44460
96451
85640
37308
15461
87012
86274
37157
33783
29209
96939
2165
421
53940
82488
82195
39729
51376
91298
763
82423
95208
46904
88126
61718
71806
12247
4516
91890
12279
24085
91356
31138
38217
87857
44532
98476
74210
4993
320
503
72477
59206
60952
87255
49256
86273
18978
94361
98516
76918
56077
70677
67107
75558
67115
15658
2732
37110
15019
51191
18309
97487
53470
88413
901
85403
79964
97617
50706
15380
13644
79929
54516
53016
45346
20561
63508
93887
5104
34405
9713
50135
67012
12438
87690
89629
29641
44254
88592
36936
21669
1434
62710
30423
22338
39877
75090
677
71411
46504
61011
79422
89157
28841
98849
41642
26633
25672
21024
9141
90259
16255
73627
8793
8340
32462
3582
46279
68073
26720
68911
45798
95782
55860
4480
86226
32990
31419
80190
21905
11912
69774
71591
57520
94296
37148
70427
16513
74279
3574
93923
9181
95014
8787
11128
78801
66026
26795
46275
99808
53529
12052
58525
61292
57183
32633
79555
8940
87926
46839
93669
73784
25232
22305
88398
7621
76136
50958
4885
98282
50941
86401
71522
45853
83455
7730
58834
18008
8194
3856
75028
59096
85544
62683
21612
65339
62510
30853
55375
86271
17049
50918
22374
58045
61656
73159
42367
62431
65564
2038
81373
49913
60784
5630
39641
70271
56597
7686
27157
97564
34733
48990
7508
4176
77430
36245
32800
93709
95074
19430
91929
48805
58948
71974
53554
73506
57688
79103
8039
95700
68661
33449
48939
70307
74539
54126
238
40193
28859
99268
30942
59075
88522
21707
6471
73446
10683
70667
33256
9202
31822
93216
97185
53621
84514
37369
24821
7050
10231
55778
46903
89782
50990
12352
83384
24345
44755
53899
51116
90058
70165
35641
47839
52960
26833
30369
68790
27202
75836
89736
15881
65037
68306
9411
23103
94393
99194
15442
69255
58255
87527
34663
92001
7987
66563
76304
97429
66472
81971
97402
72531
6483
75496
58921
50771
8998
6853
86222
93115
23789
95443
31861
60139
47241
17395
74163
9132
49252
99786
74825
99231
44080
27285
44024
73241
81099
99741
50967
53459
4806
51043
16445
62573
62741
4738
53973
52168
38483
5598
12822
50433
21325
63459
59099
21413
54717
93788
37263
88560
5689
71572
22428
73929
20628
27847
55883
2425
80665
50662
57435
51970
62536
12540
57155
25504
36057
66163
38917
48705
99993
91900
35686
26255
74788
15264
65616
24878
94583
77513
17037
74505
54324
82590
87038
